Poles: 24 12 0
-3.1054049910555191e+09 2.9648416908119774e+09
-3.1054049910555191e+09 -2.9648416908119774e+09
-2.7457294447227244e+09 8.3144185920542202e+09
-2.7457294447227244e+09 -8.3144185920542202e+09
-2.4163603436104307e+09 1.4048451110904745e+10
-2.4163603436104307e+09 -1.4048451110904745e+10
-2.0899383749880946e+09 1.9818377777268932e+10
-2.0899383749880946e+09 -1.9818377777268932e+10
-1.7889096660143678e+09 2.5633474235022205e+10
-1.7889096660143678e+09 -2.5633474235022205e+10
-2.6514373280441345e+10 5.6912518629125319e+09
-2.6514373280441345e+10 -5.6912518629125319e+09
-1.5667335125554316e+09 3.1455449069692204e+10
-1.5667335125554316e+09 -3.1455449069692204e+10
-1.3827912491671770e+09 3.7231838947323517e+10
-1.3827912491671770e+09 -3.7231838947323517e+10
-1.2393534060082855e+09 4.3016688696698326e+10
-1.2393534060082855e+09 -4.3016688696698326e+10
-1.1759619502441010e+09 4.8728232794349709e+10
-1.1759619502441010e+09 -4.8728232794349709e+10
-1.0966646579477613e+09 5.4381013347558868e+10
-1.0966646579477613e+09 -5.4381013347558868e+10
-1.1813206950295422e+09 5.9911108433750008e+10
-1.1813206950295422e+09 -5.9911108433750008e+10
Residues: 2
-8.5080167175059474e+08 1.6766256314202902e+09 -1.6107609811015317e+09 -5.1262931919499063e+09 -1.6107600397203064e+09 -5.1262935694929676e+09 -1.2408510187603779e+09 1.9549676050773811e+09 
-8.5080167175059474e+08 -1.6766256314202902e+09 -1.6107609811015317e+09 5.1262931919499063e+09 -1.6107600397203064e+09 5.1262935694929676e+09 -1.2408510187603779e+09 -1.9549676050773811e+09 
-8.0187456639258444e+08 2.9393558763408289e+09 5.8178847268162811e+08 4.1952627020358853e+09 5.8178753030520904e+08 4.1952621683615961e+09 -9.7430336863656187e+08 3.5746330065921612e+09 
-8.0187456639258444e+08 -2.9393558763408289e+09 5.8178847268162811e+08 -4.1952627020358853e+09 5.8178753030520904e+08 -4.1952621683615961e+09 -9.7430336863656187e+08 -3.5746330065921612e+09 
5.2439428159380776e+08 2.9372851490118322e+09 -1.6874353806435347e+09 -2.8756187614644852e+09 -1.6874371353392200e+09 -2.8756235872895203e+09 6.0029767242916393e+08 3.5848195389747338e+09 
5.2439428159380776e+08 -2.9372851490118322e+09 -1.6874353806435347e+09 2.8756187614644852e+09 -1.6874371353392200e+09 2.8756235872895203e+09 6.0029767242916393e+08 -3.5848195389747338e+09 
1.0579154242606202e+09 2.3637577108139863e+09 1.4277491023734293e+09 2.2548108934057856e+09 1.4277487968595786e+09 2.2548089731916318e+09 1.3083339504850645e+09 2.8502605557069545e+09 
1.0579154242606202e+09 -2.3637577108139863e+09 1.4277491023734293e+09 -2.2548108934057856e+09 1.4277487968595786e+09 -2.2548089731916318e+09 1.3083339504850645e+09 -2.8502605557069545e+09 
1.4400187013940573e+09 1.5112325199580259e+09 -1.5352958326017239e+09 -1.3890236681023445e+09 -1.5352976028142056e+09 -1.3890259417871785e+09 1.7811399515702915e+09 1.8068972898074179e+09 
1.4400187013940573e+09 -1.5112325199580259e+09 -1.5352958326017239e+09 1.3890236681023445e+09 -1.5352976028142056e+09 1.3890259417871785e+09 1.7811399515702915e+09 -1.8068972898074179e+09 
-3.0598772303356846e+10 -3.0632835091805823e+11 -4.5838173728532610e+09 -4.3544098170653122e+10 -4.5838124898799887e+09 -4.3543953171719315e+10 -4.2841704853610977e+10 -3.8317274890681683e+11 
-3.0598772303356846e+10 3.0632835091805823e+11 -4.5838173728532610e+09 4.3544098170653122e+10 -4.5838124898799887e+09 4.3543953171719315e+10 -4.2841704853610977e+10 3.8317274890681683e+11 
1.4550189505430217e+09 9.6374445361592412e+08 1.4527391149186211e+09 9.4133517904938877e+08 1.4527372803671319e+09 9.4133351385936260e+08 1.7631606385245082e+09 1.1224716062558315e+09 
1.4550189505430217e+09 -9.6374445361592412e+08 1.4527391149186211e+09 -9.4133517904938877e+08 1.4527372803671319e+09 -9.4133351385936260e+08 1.7631606385245082e+09 -1.1224716062558315e+09 
1.3525220396761036e+09 5.8012537876817548e+08 -1.3001013828239274e+09 -6.4242344492105484e+08 -1.3001059786387789e+09 -6.4242792568713117e+08 1.6358167243208768e+09 6.1786277195951843e+08 
1.3525220396761036e+09 -5.8012537876817548e+08 -1.3001013828239274e+09 6.4242344492105484e+08 -1.3001059786387789e+09 6.4242792568713117e+08 1.6358167243208768e+09 -6.1786277195951843e+08 
1.2121393985369220e+09 3.0505226138064712e+08 1.2318446874663472e+09 3.7062576641550833e+08 1.2318479429980106e+09 3.7062463282580632e+08 1.4371721651806850e+09 2.8290843375725538e+08 
1.2121393985369220e+09 -3.0505226138064712e+08 1.2318446874663472e+09 -3.7062576641550833e+08 1.2318479429980106e+09 -3.7062463282580632e+08 1.4371721651806850e+09 -2.8290843375725538e+08 
1.1546748104264963e+09 2.2991823778241223e+08 -1.1677405992845149e+09 -3.4076659137447798e+08 -1.1677398273227994e+09 -3.4076703697431558e+08 1.3290530699641538e+09 1.6855694784550649e+08 
1.1546748104264963e+09 -2.2991823778241223e+08 -1.1677405992845149e+09 3.4076659137447798e+08 -1.1677398273227994e+09 3.4076703697431558e+08 1.3290530699641538e+09 -1.6855694784550649e+08 
9.8052502672507703e+08 2.3526158526959550e+08 1.1085138646989303e+09 2.3834085855741963e+08 1.1085143586498952e+09 2.3834053621042183e+08 1.1042150587012458e+09 1.6730328071232712e+08 
9.8052502672507703e+08 -2.3526158526959550e+08 1.1085138646989303e+09 -2.3834085855741963e+08 1.1085143586498952e+09 -2.3834053621042183e+08 1.1042150587012458e+09 -1.6730328071232712e+08 
9.5550970940049994e+08 4.6214440859196770e+08 -1.2248812319345710e+09 -2.2275743084464142e+08 -1.2248807822326941e+09 -2.2275755297790611e+08 1.0613296808121535e+09 3.6096307710889482e+08 
9.5550970940049994e+08 -4.6214440859196770e+08 -1.2248812319345710e+09 2.2275743084464142e+08 -1.2248807822326941e+09 2.2275755297790611e+08 1.0613296808121535e+09 -3.6096307710889482e+08 
Hinf: 2
-1.5744832877061449e-01 1.9881509479440918e-01 
1.9881509549285248e-01 6.2327516275814718e-02 
