Poles: 8 1 6
-1.4430411867003082e+11 5.5868089532527087e+11
-1.4430411867003082e+11 -5.5868089532527087e+11
-2.1604535899401283e+10
-4.3822143940406105e+10
-2.4343518766494412e+11
-7.1503591570466125e+11
-1.0364754624593572e+12
-4.1410141683785269e+12
Residues: 5
-5.2373368806722054e+10 6.0808132630059647e+10 5.8367343876075722e+10 -5.5793831137657326e+10 -5.5586672030742699e+10 5.5620254482877113e+10 5.4351860857597855e+10 -5.9280639018438843e+10 -2.7036020203237967e+09 -1.4748259256430397e+09 5.8367343876296616e+10 -5.5793831137868858e+10 -6.2611586355935951e+10 4.8188818859800194e+10 6.2076636410953224e+10 -4.9271086008566849e+10 -5.8198456446752823e+10 5.3462074674510406e+10 5.9845859379129953e+09 7.5442034570333004e+08 -5.5586672030456291e+10 5.5620254482661179e+10 6.2076636411148956e+10 -4.9271086008738403e+10 -5.9646860027963181e+10 5.0622470132809692e+10 5.7377191023288940e+10 -5.4475488909426071e+10 -2.6017857716883326e+09 -2.4074556110052361e+09 5.4351860857597855e+10 -5.9280639018438843e+10 -5.8198456446466316e+10 5.3462074674313896e+10 5.7377191022910759e+10 -5.4475488909111412e+10 -5.4706415198178535e+10 5.7695251764998711e+10 5.9467226231336374e+09 -2.1231777886843044e+08 -2.7036020207112827e+09 -1.4748259253698561e+09 5.9845859381212463e+09 7.5442034555180359e+08 -2.6017857719699821e+09 -2.4074556108110218e+09 5.9467226229900370e+09 -2.1231777876858509e+08 2.0302341070925798e+09 1.6264143791030090e+09 
-5.2373368806722054e+10 -6.0808132630059647e+10 5.8367343876075722e+10 5.5793831137657326e+10 -5.5586672030742699e+10 -5.5620254482877113e+10 5.4351860857597855e+10 5.9280639018438843e+10 -2.7036020203237967e+09 1.4748259256430397e+09 5.8367343876296616e+10 5.5793831137868858e+10 -6.2611586355935951e+10 -4.8188818859800194e+10 6.2076636410953224e+10 4.9271086008566849e+10 -5.8198456446752823e+10 -5.3462074674510406e+10 5.9845859379129953e+09 -7.5442034570333004e+08 -5.5586672030456291e+10 -5.5620254482661179e+10 6.2076636411148956e+10 4.9271086008738403e+10 -5.9646860027963181e+10 -5.0622470132809692e+10 5.7377191023288940e+10 5.4475488909426071e+10 -2.6017857716883326e+09 2.4074556110052361e+09 5.4351860857597855e+10 5.9280639018438843e+10 -5.8198456446466316e+10 -5.3462074674313896e+10 5.7377191022910759e+10 5.4475488909111412e+10 -5.4706415198178535e+10 -5.7695251764998711e+10 5.9467226231336374e+09 2.1231777886843044e+08 -2.7036020207112827e+09 1.4748259253698561e+09 5.9845859381212463e+09 -7.5442034555180359e+08 -2.6017857719699821e+09 2.4074556108110218e+09 5.9467226229900370e+09 2.1231777876858509e+08 2.0302341070925798e+09 -1.6264143791030090e+09 
2.2032413238774782e+08 6.5072836605686054e+07 2.1559481661601797e+08 7.6901196680238843e+07 1.0996770037778634e+08 6.5072836597470403e+07 2.1622359656725293e+08 7.8303958337071225e+07 2.1269085576673701e+08 1.2347146750694123e+08 2.1559481660683420e+08 7.8303958328615770e+07 2.0428941762119487e+08 7.5054113750991657e+07 1.1160576526895592e+08 7.6901196680238843e+07 2.1269085575654075e+08 7.5054113764172226e+07 2.0433796189423177e+08 1.2082541122268005e+08 1.0996770039502588e+08 1.2347146749789070e+08 1.1160576528158581e+08 1.2082541122928810e+08 2.4443079745696682e+08 
-2.3170692047378464e+10 2.2113447610748116e+10 -2.2694090183709045e+10 2.2638928050920296e+10 1.0168104482824703e+09 2.2113447610773491e+10 -2.1300057596357841e+10 2.1628192385371986e+10 -2.1828438885241360e+10 -7.3150062596614146e+08 -2.2694090183676891e+10 2.1628192385398598e+10 -2.2220942735497715e+10 2.2211443596660675e+10 1.0114115569265360e+09 2.2638928050920296e+10 -2.1828438885205620e+10 2.2211443596618813e+10 -2.2370469068079704e+10 -7.2271530684314895e+08 1.0168104482251207e+09 -7.3150062593610334e+08 1.0114115568842231e+09 -7.2271530686489153e+08 -8.0094887468749917e+08 
-1.9558471013981083e+10 -9.0441455212375221e+09 -1.8765827770663963e+10 -8.0921796822348757e+09 6.0014786334839088e+10 -9.0441455217587051e+09 -2.3741310538637691e+10 -8.4416254303780756e+09 -2.3993585883573700e+10 7.3564196816680481e+10 -1.8765827771458866e+10 -8.4416254308761663e+09 -3.2503471505735252e+10 -1.7438083378487621e+10 8.2455563272941513e+10 -8.0921796822348757e+09 -2.3993585884388565e+10 -1.7438083377606316e+10 -4.0208860316808746e+10 9.8452216459166946e+10 6.0014786335979362e+10 7.3564196816070419e+10 8.2455563273779373e+10 9.8452216459592911e+10 -3.2432494331137286e+11 
-1.8715637407060370e+11 1.9586444839822583e+11 -2.2139403763513577e+11 -1.5046431236289307e+11 -3.1231037317479656e+10 1.9586444841924301e+11 -4.3913574501022638e+11 5.1441773741843025e+10 -3.7641819836935040e+11 3.5791663647364044e+10 -2.2139403760702582e+11 5.1441773760377953e+10 -3.0517246471319006e+11 -1.1589287919525633e+11 2.1301043382835077e+11 -1.5046431236289307e+11 -3.7641819834164001e+11 -1.1589287922951639e+11 -9.2578942744761459e+10 2.7517512471997217e+11 -3.1231037355524246e+10 3.5791663667951675e+10 2.1301043380067966e+11 2.7517512470584930e+11 -2.1895586901993818e+12 
1.1137415460706248e+12 -2.1128688155412058e+12 2.2308811904708784e+12 -3.5393847400706226e+11 4.8577769756785004e+11 -2.1128688155803052e+12 1.4199678858277886e+12 -6.2125423707868445e+11 2.5811462378663130e+12 3.6912252705741986e+11 2.2308811904199087e+12 -6.2125423711271875e+11 1.2965646927619683e+12 -1.3897126301776335e+12 -1.6747201312797733e+11 -3.5393847400706226e+11 2.5811462378165093e+12 -1.3897126301146594e+12 9.3695158709453381e+11 -2.8142801456945404e+11 4.8577769763620789e+11 3.6912252702032568e+11 -1.6747201307836502e+11 -2.8142801454410858e+11 4.8131060041957422e+12 
-4.5122662638700117e+12 6.8290146111062793e+12 -2.0005485095110325e+12 7.0777089881767932e+11 -2.2951693898827129e+12 6.8290146111450811e+12 -4.2396615663975610e+12 6.8481173172538586e+11 -2.9124703220754751e+12 -2.3253638270214624e+12 -2.0005485094619785e+12 6.8481173175851343e+11 -4.9056547685819590e+12 5.2142200581595498e+12 -9.5184301889282214e+11 7.0777089881767932e+11 -2.9124703220282900e+12 5.2142200580985283e+12 -4.4053543019431270e+12 -1.1120191107704111e+12 -2.2951693899475889e+12 -2.3253638269860713e+12 -9.5184301893976038e+11 -1.1120191107944331e+12 -5.0700810091749971e+12 
Hinf: 5
6.0300887886901022e-01 -2.4458267969378644e-01 -8.4936555182924256e-02 -2.9814867637385500e-03 2.2186542326371425e-01 
-2.4458267969378589e-01 5.3450680599989586e-01 2.9845092258421635e-02 1.0807458272245440e-02 2.3217053599200899e-01 
-8.4936555182923035e-02 2.9845092258421468e-02 6.8746123972684525e-01 -7.7350797705252272e-02 9.2035721458079700e-02 
-2.9814867637385500e-03 1.0807458272243553e-02 -7.7350797705252161e-02 6.7123698535475418e-01 1.2730820704926368e-01 
2.2186542326371456e-01 2.3217053599200926e-01 9.2035721458082420e-02 1.2730820704926243e-01 5.0223957482684489e-01 
