<<<<<<< HEAD
Poles: 26 12 2
-3.9716811952489138e+09 4.1232697929022841e+09
-3.9716811952489138e+09 -4.1232697929022841e+09
-3.0576835154558215e+09 9.0259313845615940e+09
-3.0576835154558215e+09 -9.0259313845615940e+09
-2.3742759108154044e+09 1.4437623978315092e+10
-2.3742759108154044e+09 -1.4437623978315092e+10
-1.9142276182321022e+09 2.0027658559617233e+10
-1.9142276182321022e+09 -2.0027658559617233e+10
-1.6102657560120137e+09 2.5704983478204060e+10
-1.6102657560120137e+09 -2.5704983478204060e+10
-1.4126464388756833e+09 3.1413739989674301e+10
-1.4126464388756833e+09 -3.1413739989674301e+10
-1.2911979566015263e+09 3.7149021794663597e+10
-1.2911979566015263e+09 -3.7149021794663597e+10
-1.2348963987207677e+09 4.2885775561350517e+10
-1.2348963987207677e+09 -4.2885775561350517e+10
-1.2397197430548496e+09 4.8611730937014252e+10
-1.2397197430548496e+09 -4.8611730937014252e+10
-1.3137847167114570e+09 5.4323749837087227e+10
-1.3137847167114570e+09 -5.4323749837087227e+10
-1.4900096882972436e+09 5.9989576434776985e+10
-1.4900096882972436e+09 -5.9989576434776985e+10
-3.8262184049062452e+09 6.6176007894109337e+10
-3.8262184049062452e+09 -6.6176007894109337e+10
-4.5235642418515291e+09
-1.4103314258036285e+11
Residues: 2
5.8880242496066360e+09 3.6935603570252228e+09 -6.5383632352194757e+09 -3.6505638918290420e+09 -6.5383632352194757e+09 -3.6505638918290420e+09 7.0452800272924366e+09 4.5078531782694035e+09 
5.8880242496066360e+09 -3.6935603570252228e+09 -6.5383632352194757e+09 3.6505638918290420e+09 -6.5383632352194757e+09 3.6505638918290420e+09 7.0452800272924366e+09 -4.5078531782694035e+09 
2.9797604688459158e+09 3.3272577126016765e+09 3.2626408167004361e+09 3.5813327830118437e+09 3.2626408167004361e+09 3.5813327830118437e+09 3.5406482529039483e+09 4.0662948071599092e+09 
2.9797604688459158e+09 -3.3272577126016765e+09 3.2626408167004361e+09 -3.5813327830118437e+09 3.2626408167004361e+09 -3.5813327830118437e+09 3.5406482529039483e+09 -4.0662948071599092e+09 
1.8972702132753448e+09 2.2864335564711957e+09 -2.0842966627532244e+09 -2.5064271002090364e+09 -2.0842966627532244e+09 -2.5064271002090364e+09 2.2589626343684845e+09 2.8054829839079800e+09 
1.8972702132753448e+09 -2.2864335564711957e+09 -2.0842966627532244e+09 2.5064271002090364e+09 -2.0842966627532244e+09 2.5064271002090364e+09 2.2589626343684845e+09 -2.8054829839079800e+09 
1.4691734517245359e+09 1.5902844584299812e+09 1.5964656260101218e+09 1.7505499059350405e+09 1.5964656260101218e+09 1.7505499059350405e+09 1.7674528823885739e+09 1.9535939573693051e+09 
1.4691734517245359e+09 -1.5902844584299812e+09 1.5964656260101218e+09 -1.7505499059350405e+09 1.5964656260101218e+09 -1.7505499059350405e+09 1.7674528823885739e+09 -1.9535939573693051e+09 
1.2737366829321849e+09 1.1472390122687693e+09 -1.3969056422583258e+09 -1.2656052272224727e+09 -1.3969056422583258e+09 -1.2656052272224727e+09 1.5455544955158362e+09 1.4016032197947426e+09 
1.2737366829321849e+09 -1.1472390122687693e+09 -1.3969056422583258e+09 1.2656052272224727e+09 -1.3969056422583258e+09 1.2656052272224727e+09 1.5455544955158362e+09 -1.4016032197947426e+09 
1.1624658106414855e+09 8.7202963152741456e+08 1.2757828140708504e+09 9.6267383457795620e+08 1.2757828140708504e+09 9.6267383457795620e+08 1.4177137841749210e+09 1.0440710048296542e+09 
1.1624658106414855e+09 -8.7202963152741456e+08 1.2757828140708504e+09 -9.6267383457795620e+08 1.2757828140708504e+09 -9.6267383457795620e+08 1.4177137841749210e+09 -1.0440710048296542e+09 
1.1126752315141551e+09 6.8465267460302353e+08 -1.2239215251767876e+09 -7.3969842996366000e+08 -1.2239215251767876e+09 -7.3969842996366000e+08 1.3528749821510100e+09 7.9217778959664750e+08 
1.1126752315141551e+09 -6.8465267460302353e+08 -1.2239215251767876e+09 7.3969842996366000e+08 -1.2239215251767876e+09 7.3969842996366000e+08 1.3528749821510100e+09 -7.9217778959664750e+08 
1.1109593032248867e+09 5.6819816965237415e+08 1.2306694130360262e+09 5.9529716452463746e+08 1.2306694130360262e+09 5.9529716452463746e+08 1.3353045521887608e+09 6.1679553303253257e+08 
1.1109593032248867e+09 -5.6819816965237415e+08 1.2306694130360262e+09 -5.9529716452463746e+08 1.2306694130360262e+09 -5.9529716452463746e+08 1.3353045521887608e+09 -6.1679553303253257e+08 
1.1651039062720759e+09 4.9934154072745371e+08 -1.2680401656207340e+09 -4.9467738388449198e+08 -1.2680401656207340e+09 -4.9467738388449198e+08 1.3758215231831138e+09 4.9436004505309606e+08 
1.1651039062720759e+09 -4.9934154072745371e+08 -1.2680401656207340e+09 4.9467738388449198e+08 -1.2680401656207340e+09 4.9467738388449198e+08 1.3758215231831138e+09 -4.9436004505309606e+08 
1.3065834614514415e+09 4.5919526980883640e+08 1.4108709524971986e+09 3.8846190365360409e+08 1.4108709524971986e+09 3.8846190365360409e+08 1.5030148359990680e+09 3.8318889694329619e+08 
1.3065834614514415e+09 -4.5919526980883640e+08 1.4108709524971986e+09 -3.8846190365360409e+08 1.4108709524971986e+09 -3.8846190365360409e+08 1.5030148359990680e+09 -3.8318889694329619e+08 
1.6017612413472226e+09 4.5126568799012226e+08 -1.7149842265141134e+09 -3.8918326169294471e+08 -1.7149842265141134e+09 -3.8918326169294471e+08 1.8138066964138100e+09 2.4735227241161728e+08 
1.6017612413472226e+09 -4.5126568799012226e+08 -1.7149842265141134e+09 3.8918326169294471e+08 -1.7149842265141134e+09 3.8918326169294471e+08 1.8138066964138100e+09 -2.4735227241161728e+08 
2.5021443039934311e+09 4.7676161543236313e+09 2.3165756309908605e+09 7.2666917465053940e+08 2.3165756309908605e+09 7.2666917465053940e+08 3.6094427769994221e+09 5.3289729435258360e+09 
2.5021443039934311e+09 -4.7676161543236313e+09 2.3165756309908605e+09 -7.2666917465053940e+08 2.3165756309908605e+09 -7.2666917465053940e+08 3.6094427769994221e+09 -5.3289729435258360e+09 
8.6881444504296970e+09 8.8589172220755615e+09 8.8589172220755615e+09 1.0446967478132164e+10 
-8.9913534546731049e+10 2.3952314714518951e+10 2.3952314714518951e+10 -1.7053791451428790e+11 
Hinf: 2
-5.2773828287112434e-01 -1.4850331792630833e-01 
-1.4850331792630833e-01 -1.7571415251158715e-01 
=======
Poles: 6 2 2
-1.4478211241941339e+11 5.5529324958919287e+11
-1.4478211241941339e+11 -5.5529324958919287e+11
-9.4984804391462158e+11 3.7873157047483032e+11
-9.4984804391462158e+11 -3.7873157047483032e+11
-4.3974883522612015e+10
-2.4885165060176340e+11
Residues: 5
-5.2632661631672165e+10 5.5183952130859268e+10 6.0245008467463493e+10 -4.9921936000663757e+10 -5.4895754600667084e+10 5.3158424864569298e+10 5.5511592616156410e+10 -5.6862271059501770e+10 -2.1656265917759223e+09 -2.7250316938024178e+09 6.0245008467463493e+10 -4.9921936000663757e+10 -6.2796244970141991e+10 4.1810124260724953e+10 6.3202974065513916e+10 -4.6135149924855431e+10 -5.7660853637453041e+10 5.0101506683380531e+10 6.2329966638694859e+09 -6.9758636086003631e+07 -5.4895754600667084e+10 5.3158424864569298e+10 6.3202974065513916e+10 -4.6135149924855431e+10 -5.9549885761631493e+10 4.4340116811070534e+10 5.8480566363622459e+10 -5.0300966474626282e+10 -1.7428614298879986e+09 -2.5514502258439717e+09 5.5511592616156410e+10 -5.6862271059501770e+10 -5.7660853637453041e+10 5.0101506683380531e+10 5.8480566363622459e+10 -5.0300966474626282e+10 -5.4395992116187912e+10 5.2396847889689598e+10 6.4586789411506910e+09 -4.8562151599647053e+07 -2.1656265917759223e+09 -2.7250316938024178e+09 6.2329966638694859e+09 -6.9758636086003631e+07 -1.7428614298879986e+09 -2.5514502258439717e+09 6.4586789411506910e+09 -4.8562151599647053e+07 1.5805425625245917e+09 -4.7771042888879652e+09 
-5.2632661631672165e+10 -5.5183952130859268e+10 6.0245008467463493e+10 4.9921936000663757e+10 -5.4895754600667084e+10 -5.3158424864569298e+10 5.5511592616156410e+10 5.6862271059501770e+10 -2.1656265917759223e+09 2.7250316938024178e+09 6.0245008467463493e+10 4.9921936000663757e+10 -6.2796244970141991e+10 -4.1810124260724953e+10 6.3202974065513916e+10 4.6135149924855431e+10 -5.7660853637453041e+10 -5.0101506683380531e+10 6.2329966638694859e+09 6.9758636086003631e+07 -5.4895754600667084e+10 -5.3158424864569298e+10 6.3202974065513916e+10 4.6135149924855431e+10 -5.9549885761631493e+10 -4.4340116811070534e+10 5.8480566363622459e+10 5.0300966474626282e+10 -1.7428614298879986e+09 2.5514502258439717e+09 5.5511592616156410e+10 5.6862271059501770e+10 -5.7660853637453041e+10 -5.0101506683380531e+10 5.8480566363622459e+10 5.0300966474626282e+10 -5.4395992116187912e+10 -5.2396847889689598e+10 6.4586789411506910e+09 4.8562151599647053e+07 -2.1656265917759223e+09 2.7250316938024178e+09 6.2329966638694859e+09 6.9758636086003631e+07 -1.7428614298879986e+09 2.5514502258439717e+09 6.4586789411506910e+09 4.8562151599647053e+07 1.5805425625245917e+09 4.7771042888879652e+09 
-3.2645623998111919e+10 -3.7636578493446960e+11 -2.1398916669314444e+11 6.4745852472898962e+11 5.8115590492031873e+11 -5.5189874487865540e+11 -1.1240757814604208e+11 2.6588255189321954e+11 -2.5791381665497147e+10 -2.2886066415663351e+11 -2.1398916669314444e+11 6.4745852472898962e+11 5.9923415827453583e+10 -1.5610938622432550e+11 -1.7918779192826700e+11 1.0350413859390154e+11 6.1004870695304004e+11 -5.1571281311377722e+11 -5.3321298250023865e+10 -2.6398920151857880e+11 5.8115590492031873e+11 -5.5189874487865540e+11 -1.7918779192826700e+11 1.0350413859390154e+11 -2.2979570727473816e+10 -3.2036189688413727e+11 -1.2695085328253133e+11 7.3396949363851160e+11 -1.1449713568938051e+11 -2.5370287065139514e+11 -1.1240757814604208e+11 2.6588255189321954e+11 6.1004870695304004e+11 -5.1571281311377722e+11 -1.2695085328253133e+11 7.3396949363851160e+11 -8.1881976606939590e+10 -4.4895815321258325e+11 -1.5118766690810168e+11 -2.8722289170880310e+11 -2.5791381665497147e+10 -2.2886066415663351e+11 -5.3321298250023865e+10 -2.6398920151857880e+11 -1.1449713568938051e+11 -2.5370287065139514e+11 -1.5118766690810168e+11 -2.8722289170880310e+11 9.0039157195830518e+11 7.0310566209848364e+11 
-3.2645623998111919e+10 3.7636578493446960e+11 -2.1398916669314444e+11 -6.4745852472898962e+11 5.8115590492031873e+11 5.5189874487865540e+11 -1.1240757814604208e+11 -2.6588255189321954e+11 -2.5791381665497147e+10 2.2886066415663351e+11 -2.1398916669314444e+11 -6.4745852472898962e+11 5.9923415827453583e+10 1.5610938622432550e+11 -1.7918779192826700e+11 -1.0350413859390154e+11 6.1004870695304004e+11 5.1571281311377722e+11 -5.3321298250023865e+10 2.6398920151857880e+11 5.8115590492031873e+11 5.5189874487865540e+11 -1.7918779192826700e+11 -1.0350413859390154e+11 -2.2979570727473816e+10 3.2036189688413727e+11 -1.2695085328253133e+11 -7.3396949363851160e+11 -1.1449713568938051e+11 2.5370287065139514e+11 -1.1240757814604208e+11 -2.6588255189321954e+11 6.1004870695304004e+11 5.1571281311377722e+11 -1.2695085328253133e+11 -7.3396949363851160e+11 -8.1881976606939590e+10 4.4895815321258325e+11 -1.5118766690810168e+11 2.8722289170880310e+11 -2.5791381665497147e+10 2.2886066415663351e+11 -5.3321298250023865e+10 2.6398920151857880e+11 -1.1449713568938051e+11 2.5370287065139514e+11 -1.5118766690810168e+11 2.8722289170880310e+11 9.0039157195830518e+11 -7.0310566209848364e+11 
-2.2692763732454803e+10 2.2404876217946075e+10 -2.2257519725397045e+10 2.3010923391591263e+10 1.3692293461641293e+09 2.2404876217946075e+10 -2.0800986128776665e+10 2.1978549667892048e+10 -2.1378666946789055e+10 -3.5145883516387147e+08 -2.2257519725397045e+10 2.1978549667892048e+10 -2.1767335994558224e+10 2.2553576880850628e+10 1.3493188721653128e+09 2.3010923391591263e+10 -2.1378666946789055e+10 2.2553576880850628e+10 -2.1946460076055931e+10 -3.6605687933034760e+08 1.3692293461641293e+09 -3.5145883516387147e+08 1.3493188721653128e+09 -3.6605687933034760e+08 -6.6658332414348818e+07 
-2.5431112901771584e+10 -1.1108051111307926e+10 -2.1110116074407513e+10 -1.4060846279325111e+10 6.0502976037077614e+10 -1.1108051111307926e+10 -3.2196852257420544e+10 -1.2487668598294058e+10 -2.8418727977306782e+10 7.5393346799000565e+10 -2.1110116074407513e+10 -1.2487668598294058e+10 -4.0526169138283310e+10 -2.3182712202186108e+10 8.6835904432835861e+10 -1.4060846279325111e+10 -2.8418727977306782e+10 -2.3182712202186108e+10 -4.6475128038594063e+10 1.0425607129014032e+11 6.0502976037077614e+10 7.5393346799000565e+10 8.6835904432835861e+10 1.0425607129014032e+11 -3.6911063565970300e+11 
Hinf: 5
1.1509051777438450e-01 5.1985365587791077e-01 -1.8221681478492885e-01 3.8483373483874039e-02 -3.0430704074991155e-02 
5.1985365587791077e-01 5.3636804743055322e-02 8.9164317221166467e-02 -2.0720652790469279e-01 -2.4364368582319162e-02 
-1.8221681478492885e-01 8.9164317221166467e-02 1.4365152462726416e-01 4.7172656546170671e-01 8.8186635049355977e-03 
3.8483373483874039e-02 -2.0720652790469279e-01 4.7172656546170671e-01 2.0856327484770043e-01 2.1625915471199575e-02 
-3.0430704074991155e-02 -2.4364368582319162e-02 8.8186635049355977e-03 2.1625915471199575e-02 -1.4270628511157124e-01 
>>>>>>> 9795d410fe9d13233d9941c3bede4a0575432838
